[1] "The kfr_pooled_pooled_p25 of my county versus the national mean: "
[1] 0.4011213
[1] 0.4285864
[1] 0.09700751
[1] 0.06162328
[1] 0.07127241
[1] 0.3084826
[1] 0.3398718
[1] NA
[1] 0.4745229
[1] 0.4629801
[1] 0.2803727
[1] 0.3112784
[1] 0.3207358
[1] 0.3563242
[1] 0.05564296
[1] 0.04769738
[1] 0.06438326
[1] 0.1090428
[1] 0.06466484
[1] 0.07200104
[1] 0.06309665
[1] 0.05266524
[1] 0.06465954
[1] 0.05548551
[1] 0.05331111
[1] 0.06205858
[1] 0.1003713
[1] 0.1101168
[1] 0.4616838
[1] 0.332233
[1] -0.4871363
[1] 0.0005433886
[1] 0.01533497
[1] 0.08271131
[1] 0.1090428
[1] 0.06466484
[1] 0.07200104
[1] 0.4745229
[1] 0.4629801
[1] 0.4011213
[1] 0.4285864
[1] 0.09700751
[1] 0.06162328
[1] 0.07127241
[1] 0.3084826
[1] 0.3398718
[1] NA
[1] 0.4745229
[1] 0.4629801
[1] 0.2803727
[1] 0.3112784
[1] 0.3207358
[1] 0.3563242
[1] 0.05564296
[1] 0.04769738
[1] 0.06438326
[1] 0.1090428
[1] 0.06466484
[1] 0.07200104
[1] 0.06309665
[1] 0.05266524
[1] 0.06465954
[1] 0.05548551
[1] 0.05331111
[1] 0.06205858
[1] 0.1003713
[1] 0.1101168
[1] 0.4616838
[1] 0.332233
[1] -0.4871363
[1] 0.0005433886
[1] 0.01533497
[1] 0.08271131
[1] 0.1090428
[1] 0.06466484
[1] 0.07200104
[1] 0.4745229
[1] 0.4629801
